2
15
32
33
37
41
63
67
87
90
95
110
113
116
121
153
160
163
165
166
169
172
199
202
215
219
223
243
252
254
266
309
314
327
345
355
356
360
371
372
373
381
386
391
395
398
415
439
440
453
456
513
533
544
547
560
602
605
656
657
666
714
716
718
719
723
728
731
733
737
738
739
763
771
772
788
789
821
828
837
839
845
899
952
953
965
967
1080
1081
1089
1094
1095
1096
1098
1099
1102
1110
1113
1114
1121
1122
1128
1151
1155
1156
1158
1160
1223
1228
1235
1241
1254
1256
1257
1264
1268
1275
1284
1295
1298
1303
1309
1319
1373
1404
1418
1446
