27
72
73
75
77
120
128
134
150
175
190
197
224
243
244
287
374
381
382
389
390
424
448
450
458
459
465
466
468
473
474
479
483
484
485
486
487
488
492
493
494
498
504
506
519
526
534
538
547
563
564
565
576
581
586
595
596
608
609
620
625
636
646
696
702
705
720
734
742
754
773
776
780
785
795
801
806
807
809
813
815
817
820
824
826
827
829
835
845
851
852
853
855
858
859
861
863
864
866
870
871
876
894
956
966
986
1051
1054
1089
1091
1094
1104
1105
1106
1124
1126
1127
1132
1138
1143
1162
1164
1175
1196
1197
1207
1230
1255
1264
1281
1282
1294
1307
1327
1362
1363
1367
1372
1377
1410
1415
1419
1421
1448
