2
10
15
37
63
76
77
87
89
97
102
111
112
121
138
166
167
213
215
219
225
234
255
311
323
341
362
379
573
580
587
588
605
611
613
614
616
618
622
632
635
638
656
685
686
691
721
724
725
741
744
747
748
750
751
756
757
759
764
765
766
767
770
775
777
778
782
784
786
787
788
789
791
793
794
800
804
808
821
831
953
958
1055
1085
1086
1090
1097
1108
1109
1113
1114
1115
1122
1123
1155
1156
1157
1161
1167
1168
1172
1173
1176
1182
1190
1191
1209
1210
1241
1254
1260
1269
1274
1276
1278
1279
1284
1285
1286
1287
1289
1290
1301
1304
1313
1319
1335
1350
1369
1418
1428
1432
1444
1451
