2
10
32
33
34
37
40
41
49
63
87
90
98
113
115
116
165
166
178
192
198
199
202
203
204
205
211
215
219
225
234
242
252
253
341
347
355
371
375
376
381
384
395
415
453
465
467
482
491
495
515
517
520
529
535
560
580
582
588
605
607
609
613
614
616
619
622
666
667
711
712
714
716
717
719
721
725
728
731
756
763
767
770
771
773
775
777
782
800
821
831
839
888
889
905
914
916
933
943
944
952
958
977
983
996
1023
1060
1072
1076
1078
1080
1089
1090
1099
1109
1122
1167
1168
1181
1184
1203
1208
1223
1241
1253
1256
1257
1258
1268
1275
1277
1284
1286
1290
1295
1296
1298
1299
1319
1322
1324
1352
1355
1362
1369
1373
1417
1421
1428
1431
1432
1440
1446
1450
1460
